Server A Failure Times	Restoration Time	Server B Failure Times	Restoration Time	
----------------------------------------------------------------------------------------------------
177.94			187.94			685.444			695.444			
183.421			193.421			818.394			828.394			
284.304			294.304			1815.02			1825.02			
300.867			310.867			2334.41			2344.41			
408.784			418.784			3028.01			3038.01			
421.251			431.251			4033.66			4043.66			
2540.54			2550.54			4389.68			4399.68			
3577.64			3587.64			4434.09			4444.09			
3848.68			3858.68			4469.18			4479.18			
3858.54			3868.54			4557.11			4567.11			
4132.71			4142.71			4587.38			4597.38			
4160.9			4170.9			4916.24			4926.24			
4582.16			4592.16			5173.34			5183.34			
5266.49			5276.49			5575.37			5585.37			
5937.81			5947.81			6224.65			6234.65			
7562.03			7572.03			6410.46			6420.46			
8134.41			8144.41			6601.13			6611.13			
8728.27			8738.27			6751.67			6761.67			
9101.5			9111.5			7656.72			7666.72			
9741.23			9751.23			7996.97			8006.97			
10222			10232			8232.14			8242.14			
11876.1			11886.1			8333.34			8343.34			
12422.3			12432.3			8973.89			8983.89			
12499.2			12509.2			9161.33			9171.33			
12729.5			12739.5			9180.8			9190.8			
12757.6			12767.6			10058.6			10068.6			
13537.9			13547.9			10249.6			10259.6			
13784.8			13794.8			11173.5			11183.5			
14458.5			14468.5			11843.4			11853.4			
14680			14690			11905.2			11915.2			
15967			15977			12598.1			12608.1			
16423.7			16433.7			12854.2			12864.2			
18223.1			18233.1			12975.3			12985.3			
18377.8			18387.8			13810.8			13820.8			
18985.3			18995.3			13902.7			13912.7			
19906.8			19916.8			14591.6			14601.6			
19999.9			20009.9			14723.4			14733.4			
20024.1			20034.1			15188.8			15198.8			
20085.1			20095.1			15235.7			15245.7			
20639			20649			15713.7			15723.7			
20897.6			20907.6			16755			16765			
21387.6			21397.6			16764.3			16774.3			
21936.7			21946.7			17452.4			17462.4			
23007.7			23017.7			17625.4			17635.4			
23930.9			23940.9			17694.8			17704.8			
23938.9			23948.9			18276.9			18286.9			
24500.6			24510.6			19122.9			19132.9			
25027.8			25037.8			19349.9			19359.9			
25637			25647			19416			19426			
26022.4			26032.4			19469.9			19479.9			
27167.7			27177.7			21179.6			21189.6			
28384.7			28394.7			21307.2			21317.2			
28805.1			28815.1			22140.2			22150.2			
29620.6			29630.6			22843.5			22853.5			
29660.1			29670.1			22873.2			22883.2			
29755.6			29765.6			23057.4			23067.4			
30161.7			30171.7			23649			23659			
30300			30310			23751.7			23761.7			
30786.3			30796.3			24037.4			24047.4			
31030.9			31040.9			24962.8			24972.8			
31132.8			31142.8			25440.4			25450.4			
31233.8			31243.8			25522.6			25532.6			
31495.6			31505.6			26015			26025			
32092.8			32102.8			26271.6			26281.6			
32526.5			32536.5			26632.4			26642.4			
32672.1			32682.1			26928.3			26938.3			
32780.4			32790.4			27989.1			27999.1			
33203.4			33213.4			29793.3			29803.3			
33702.4			33712.4			30102.8			30112.8			
34582.6			34592.6			30419.2			30429.2			
34780.3			34790.3			31492			31502			
35088.7			35098.7			31733.6			31743.6			
35110.1			35120.1			31750			31760			
35238.3			35248.3			32138.7			32148.7			
36231.5			36241.5			32314.8			32324.8			
36466.2			36476.2			33321.7			33331.7			
36737.7			36747.7			33803.9			33813.9			
37755.1			37765.1			35203			35213			
37793			37803			35532.7			35542.7			
38474.9			38484.9			37885.4			37895.4			
39991.5			40001.5			38345.7			38355.7			
40224.3			40234.3			38522.8			38532.8			
40375.4			40385.4			38569.8			38579.8			
40707.9			40717.9			39783.4			39793.4			
40818.7			40828.7			39890.6			39900.6			
40980.6			40990.6			40272.1			40282.1			
41173.1			41183.1			40431.3			40441.3			
41826.6			41836.6			41227.2			41237.2			
42928.9			42938.9			41302.7			41312.7			
43142.1			43152.1			41963.4			41973.4			
43236			43246			43417.2			43427.2			
43347.6			43357.6			43511.7			43521.7			
43880.3			43890.3			45132.6			45142.6			
46232.9			46242.9			46421.9			46431.9			
46826.4			46836.4			46431			46441			
47539			47549			46542.2			46552.2			
47923.3			47933.3			47503.1			47513.1			
48156.6			48166.6			47573.2			47583.2			
48513.9			48523.9			48790.4			48800.4			
49229.5			49239.5			48810.9			48820.9			
50081.9			50091.9			49040.6			49050.6			
50538			50548			49608.1			49618.1			
51570.7			51580.7			49778.6			49788.6			
53479.3			53489.3			50064.8			50074.8			
53731.8			53741.8			50087.7			50097.7			
54149.4			54159.4			50467.7			50477.7			
54582.1			54592.1			50612.4			50622.4			
55261.8			55271.8			50739.9			50749.9			
55518			55528			50998			51008			
55858.5			55868.5			52312.2			52322.2			
56521.3			56531.3			52405.9			52415.9			
56893.8			56903.8			53016			53026			
57506.6			57516.6			53369.2			53379.2			
57511.9			57521.9			54190.3			54200.3			
57608.2			57618.2			55558.7			55568.7			
57781			57791			55666.8			55676.8			
58683.7			58693.7			56317.5			56327.5			
59496.5			59506.5			56623.5			56633.5			
59657.6			59667.6			57136.7			57146.7			
59918.4			59928.4			57377.5			57387.5			
60297.3			60307.3			57505.9			57515.9			
60602.3			60612.3			57591			57601			
61777			61787			57632			57642			
62039.9			62049.9			57933.8			57943.8			
62121.6			62131.6			58788.7			58798.7			
62707.4			62717.4			58798.8			58808.8			
63627.3			63637.3			58996.7			59006.7			
63908.9			63918.9			59104.6			59114.6			
64538.3			64548.3			59879.4			59889.4			
64952.1			64962.1			60144.8			60154.8			
67103.2			67113.2			60432.9			60442.9			
67350.8			67360.8			60629.1			60639.1			
67490.9			67500.9			60694.6			60704.6			
67682			67692			60952			60962			
67782.7			67792.7			61098.1			61108.1			
68304.4			68314.4			61523.8			61533.8			
68439			68449			62128.7			62138.7			
68461.4			68471.4			62165.5			62175.5			
68804.3			68814.3			62791.2			62801.2			
68818.5			68828.5			63185			63195			
69005			69015			63797.5			63807.5			
69655.1			69665.1			63864.8			63874.8			
69740.5			69750.5			64377.3			64387.3			
69784.4			69794.4			65345.5			65355.5			
69823.2			69833.2			65389.6			65399.6			
70405.2			70415.2			66120.3			66130.3			
70599.2			70609.2			66229.7			66239.7			
70796.5			70806.5			66317.5			66327.5			
71302.7			71312.7			67030.9			67040.9			
71367			71377			68182.4			68192.4			
71985.2			71995.2			69061.3			69071.3			
72403.3			72413.3			69519.2			69529.2			
72483.4			72493.4			69891.8			69901.8			
72907.5			72917.5			69903.8			69913.8			
72968.6			72978.6			69958.1			69968.1			
73569.2			73579.2			71582.4			71592.4			
73877.4			73887.4			71609			71619			
73925.5			73935.5			71817.8			71827.8			
74148.2			74158.2			73521.4			73531.4			
74245.1			74255.1			74421.6			74431.6			
75258.5			75268.5			75157.2			75167.2			
76168.5			76178.5			75560.8			75570.8			
76278.8			76288.8			75743.2			75753.2			
77303			77313			76136.8			76146.8			
78036.8			78046.8			76733.9			76743.9			
78975.2			78985.2			76899			76909			
79535.3			79545.3			77040.3			77050.3			
79618			79628			77083.8			77093.8			
80385.1			80395.1			77138.2			77148.2			
81103.3			81113.3			77168.6			77178.6			
81461.9			81471.9			77353.7			77363.7			
81779.3			81789.3			77747.3			77757.3			
81907.4			81917.4			77961.6			77971.6			
82123			82133			77968			77978			
82266.1			82276.1			79058.9			79068.9			
82778.7			82788.7			79649.6			79659.6			
83210.2			83220.2			79772			79782			
83563.2			83573.2			80509.8			80519.8			
83792.8			83802.8			80607.3			80617.3			
83981.8			83991.8			80715.7			80725.7			
84653.2			84663.2			81010.3			81020.3			
84680.2			84690.2			81314			81324			
85074.6			85084.6			82210.8			82220.8			
85298.3			85308.3			82554.8			82564.8			
85450.3			85460.3			82659.1			82669.1			
85854.2			85864.2			82709.4			82719.4			
87250.4			87260.4			82842.7			82852.7			
87723.1			87733.1			83023.9			83033.9			
88362.5			88372.5			83305.1			83315.1			
88817.4			88827.4			85356.8			85366.8			
89085			89095			85541.3			85551.3			
89431.2			89441.2			86031.4			86041.4			
89439.6			89449.6			86147.2			86157.2			
89501.6			89511.6			86377.1			86387.1			
89631.9			89641.9			86814.5			86824.5			
90880.1			90890.1			87028.7			87038.7			
90919.4			90929.4			87830.1			87840.1			
91150.3			91160.3			88977.4			88987.4			
91751.1			91761.1			89845.6			89855.6			
91929.5			91939.5			90039.8			90049.8			
92244.8			92254.8			90608.3			90618.3			
92590.3			92600.3			91030.6			91040.6			
93656.5			93666.5			91320.2			91330.2			
93878.2			93888.2			91368.6			91378.6			
94691			94701			91632.9			91642.9			
95306.6			95316.6			91671.8			91681.8			
95537.7			95547.7			91781.7			91791.7			
95937.5			95947.5			92042.5			92052.5			
96941.8			96951.8			93667.2			93677.2			
98104.9			98114.9			93931.6			93941.6			
98839.7			98849.7			94068.3			94078.3			
99270.2			99280.2			94236.1			94246.1			
99274.6			99284.6			96096.9			96106.9			
99528.4			99538.4			96196.3			96206.3			
99622.3			99632.3			96544.2			96554.2			
99891.4			99901.4			96882.4			96892.4			
100028			100038			97216.1			97226.1			
100041			100051			97691.8			97701.8			
100218			100228			98150.4			98160.4			
101845			101855			98236			98246			
103728			103738			98247.9			98257.9			
104611			104621			98566.5			98576.5			
104875			104885			99566.8			99576.8			
105710			105720			100309			100319			
107267			107277			100887			100897			
108003			108013			102057			102067			
108019			108029			103413			103423			
108818			108828			103440			103450			
108988			108998			104448			104458			
109158			109168			104686			104696			
110476			110486			104911			104921			
110888			110898			105420			105430			
110969			110979			105889			105899			
111685			111695			107331			107341			
113104			113114			107577			107587			
114053			114063			109339			109349			
114304			114314			109674			109684			
114701			114711			109772			109782			
114797			114807			110442			110452			
114922			114932			111154			111164			
114943			114953			111400			111410			
114971			114981			111474			111484			
115569			115579			111489			111499			
115750			115760			112394			112404			
116047			116057			112458			112468			
116062			116072			112593			112603			
116708			116718			113194			113204			
117602			117612			113263			113273			
117881			117891			114133			114143			
118173			118183			114424			114434			
119063			119073			115444			115454			
119168			119178			115799			115809			
119188			119198			115909			115919			
120105			120115			116213			116223			
120145			120155			116589			116599			
121058			121068			116805			116815			
122268			122278			117354			117364			
122902			122912			117605			117615			
122931			122941			117723			117733			
124061			124071			118258			118268			
125215			125225			118375			118385			
125496			125506			118469			118479			
125975			125985			119314			119324			
125999			126009			119547			119557			
126508			126518			120423			120433			
127261			127271			120465			120475			
128336			128346			120491			120501			
128589			128599			120549			120559			
129144			129154			120608			120618			
130029			130039			121090			121100			
130367			130377			121463			121473			
130969			130979			121883			121893			
131231			131241			121969			121979			
132259			132269			122637			122647			
132405			132415			122736			122746			
133079			133089			122848			122858			
133882			133892			123456			123466			
134078			134088			124075			124085			
134392			134402			124470			124480			
135218			135228			125090			125100			
136103			136113			125102			125112			
136152			136162			125501			125511			
136537			136547			126624			126634			
136569			136579			126951			126961			
136850			136860			127505			127515			
137094			137104			127553			127563			
137142			137152			127626			127636			
137699			137709			128110			128120			
138278			138288			128351			128361			
138589			138599			130290			130300			
138727			138737			130294			130304			
138877			138887			130870			130880			
139358			139368			131109			131119			
139505			139515			131394			131404			
140077			140087			132044			132054			
140152			140162			132500			132510			
140211			140221			132515			132525			
140308			140318			132665			132675			
140334			140344			132827			132837			
140626			140636			133776			133786			
142319			142329			133779			133789			
143185			143195			134122			134132			
143774			143784			135234			135244			
145083			145093			135238			135248			
145574			145584			137646			137656			
146655			146665			137728			137738			
148526			148536			138025			138035			
148906			148916			138687			138697			
149046			149056			138990			139000			
149476			149486			139371			139381			
149813			149823			139381			139391			
150059			150069			139651			139661			
150237			150247			139737			139747			
150587			150597			139825			139835			
151062			151072			140320			140330			
151083			151093			140831			140841			
152877			152887			141010			141020			
152949			152959			141158			141168			
153661			153671			141803			141813			
153712			153722			142474			142484			
153875			153885			142655			142665			
153973			153983			142948			142958			
153987			153997			143496			143506			
154370			154380			144057			144067			
154838			154848			144090			144100			
155024			155034			144153			144163			
155628			155638			144869			144879			
157109			157119			145502			145512			
157331			157341			145758			145768			
157479			157489			146048			146058			
157479			157489			146162			146172			
157765			157775			146530			146540			
158931			158941			147222			147232			
160058			160068			147441			147451			
160680			160690			147558			147568			
161572			161582			147824			147834			
161764			161774			147935			147945			
162254			162264			148536			148546			
163242			163252			148853			148863			
163400			163410			149707			149717			
163578			163588			150023			150033			
164751			164761			150582			150592			
164899			164909			150948			150958			
165855			165865			152644			152654			
166174			166184			152749			152759			
166945			166955			154122			154132			
166962			166972			154285			154295			
167302			167312			156144			156154			
167582			167592			156307			156317			
167926			167936			156524			156534			
168230			168240			156604			156614			
168306			168316			156973			156983			
168763			168773			157209			157219			
169265			169275			157229			157239			
169665			169675			157795			157805			
169765			169775			158909			158919			
169978			169988			158969			158979			
170277			170287			161196			161206			
170637			170647			161510			161520			
171842			171852			161931			161941			
172578			172588			164233			164243			
173818			173828			164413			164423			
174283			174293			164530			164540			
174488			174498			165198			165208			
174926			174936			165360			165370			
174966			174976			165459			165469			
175170			175180			165604			165614			
						165810			165820			
						167323			167333			
						167498			167508			
						167758			167768			
						168201			168211			
						168263			168273			
						168591			168601			
						169278			169288			
						170093			170103			
						170535			170545			
						171021			171031			
						171644			171654			
						171936			171946			
						172033			172043			
						172118			172128			
						173244			173254			
						174360			174370			
						174669			174679			
Total system failure occurs at 4587.38 hours.
