Server A Failure Times	Restoration Time	Server B Failure Times	Restoration Time	
----------------------------------------------------------------------------------------------------
1546.04			1556.04			932.432			942.432			
1730.04			1740.04			1264.93			1274.93			
2067.45			2077.45			1276.05			1286.05			
2596.11			2606.11			1629.38			1639.38			
2787.36			2797.36			1636.87			1646.87			
3801.88			3811.88			2020.22			2030.22			
4191.27			4201.27			2097.74			2107.74			
4581.06			4591.06			2326.78			2336.78			
5190.35			5200.35			4571.49			4581.49			
5371.88			5381.88			4607.12			4617.12			
5458.74			5468.74			4722.3			4732.3			
7177.1			7187.1			4910.66			4920.66			
7666.1			7676.1			5337.33			5347.33			
7969.58			7979.58			5392.01			5402.01			
8941.16			8951.16			5616.66			5626.66			
9985.29			9995.29			6035.53			6045.53			
10912			10922			6086.4			6096.4			
14359.6			14369.6			8122.53			8132.53			
14850			14860			8449.72			8459.72			
15094.3			15104.3			8453.53			8463.53			
15386.9			15396.9			9620.19			9630.19			
15492.2			15502.2			10030.2			10040.2			
15960.2			15970.2			10268.7			10278.7			
15998.9			16008.9			10723.9			10733.9			
16070.9			16080.9			10864			10874			
16755.9			16765.9			11668.8			11678.8			
17313.4			17323.4			11846.3			11856.3			
17679.6			17689.6			12171.9			12181.9			
18232.9			18242.9			12802.9			12812.9			
18480.3			18490.3			13213.9			13223.9			
19071.4			19081.4			14035.9			14045.9			
19227.4			19237.4			15027.6			15037.6			
19644.2			19654.2			15207			15217			
20439.3			20449.3			16651.5			16661.5			
21649.4			21659.4			17254.5			17264.5			
21929.8			21939.8			17818.7			17828.7			
22724			22734			18277.9			18287.9			
23028.6			23038.6			18367			18377			
23192.2			23202.2			18556			18566			
23635			23645			18883.9			18893.9			
24043.6			24053.6			19113.4			19123.4			
24665.1			24675.1			21550.3			21560.3			
25028			25038			21734.4			21744.4			
25810.6			25820.6			21763			21773			
25977.7			25987.7			22235			22245			
27116.6			27126.6			22254			22264			
27161.2			27171.2			22911			22921			
27781.5			27791.5			23676.3			23686.3			
27942.3			27952.3			24066			24076			
29814.2			29824.2			24271			24281			
29878.3			29888.3			24533.9			24543.9			
30290.3			30300.3			24703.9			24713.9			
31197.4			31207.4			24729			24739			
31737.6			31747.6			24855.1			24865.1			
32132.2			32142.2			24917.5			24927.5			
32716.9			32726.9			25290.5			25300.5			
32926.5			32936.5			25687.5			25697.5			
32968			32978			25995.5			26005.5			
33250.1			33260.1			26366.6			26376.6			
33349.9			33359.9			26380.9			26390.9			
33723.3			33733.3			26812			26822			
34029.7			34039.7			27495.5			27505.5			
34777.3			34787.3			27821.2			27831.2			
34782.3			34792.3			27917.3			27927.3			
34900.5			34910.5			28113.2			28123.2			
35276.1			35286.1			28181			28191			
35959.2			35969.2			28984			28994			
36681.3			36691.3			29557.7			29567.7			
36970.7			36980.7			29615.5			29625.5			
37169.8			37179.8			29892.8			29902.8			
38576.9			38586.9			30129.6			30139.6			
38952			38962			30463.3			30473.3			
39069.2			39079.2			30482.2			30492.2			
39497.1			39507.1			31071.8			31081.8			
40274.5			40284.5			31104.9			31114.9			
40717.5			40727.5			31169.2			31179.2			
41941.2			41951.2			31226.5			31236.5			
42095.5			42105.5			32031.7			32041.7			
42222.3			42232.3			33206.8			33216.8			
42528			42538			33397.1			33407.1			
42745.8			42755.8			33512.5			33522.5			
43892.3			43902.3			33641			33651			
43954.7			43964.7			34070.6			34080.6			
44010.7			44020.7			34265.6			34275.6			
44493.3			44503.3			36460.8			36470.8			
45028.7			45038.7			36892.8			36902.8			
46144.9			46154.9			37683.5			37693.5			
46190.1			46200.1			37988.7			37998.7			
46562.4			46572.4			38727.4			38737.4			
48033.3			48043.3			38768			38778			
50587			50597			38941.2			38951.2			
51959.1			51969.1			39091.5			39101.5			
52365.7			52375.7			39656.4			39666.4			
52894.1			52904.1			40080.4			40090.4			
53542.4			53552.4			40734.7			40744.7			
54520.2			54530.2			40783			40793			
54708.2			54718.2			40826.5			40836.5			
55075.8			55085.8			41134.8			41144.8			
55272.7			55282.7			41147.5			41157.5			
55649.1			55659.1			41289.5			41299.5			
55885			55895			41923.1			41933.1			
56466.4			56476.4			42377.3			42387.3			
57160			57170			42388			42398			
57240.1			57250.1			43801			43811			
57405.9			57415.9			46912.7			46922.7			
57971.8			57981.8			46943.7			46953.7			
58966.3			58976.3			47426.1			47436.1			
59798.5			59808.5			47613.2			47623.2			
59938.2			59948.2			48409.4			48419.4			
60709.6			60719.6			48586.2			48596.2			
61961			61971			48608.5			48618.5			
61990.6			62000.6			49160			49170			
62230.2			62240.2			49434.6			49444.6			
62592.6			62602.6			49603.2			49613.2			
63738.3			63748.3			49986.4			49996.4			
63755.8			63765.8			50729.8			50739.8			
65330.8			65340.8			51706.2			51716.2			
65413.9			65423.9			51907.9			51917.9			
65619.6			65629.6			52737.7			52747.7			
66122.6			66132.6			53067.9			53077.9			
66731.2			66741.2			54360.8			54370.8			
67894			67904			54649.1			54659.1			
67989.8			67999.8			55795.2			55805.2			
68681.7			68691.7			56400.8			56410.8			
68855.7			68865.7			56859.2			56869.2			
69781.6			69791.6			58766			58776			
69823.9			69833.9			59162.6			59172.6			
71937.9			71947.9			60530.4			60540.4			
72919.8			72929.8			61054.2			61064.2			
73369.3			73379.3			62060.4			62070.4			
73854.2			73864.2			62305.3			62315.3			
74015.7			74025.7			63586.1			63596.1			
74572.4			74582.4			63655.2			63665.2			
75165.3			75175.3			64397.2			64407.2			
75413.1			75423.1			64456.5			64466.5			
75621.1			75631.1			64624.3			64634.3			
76756.9			76766.9			64867.2			64877.2			
76828.5			76838.5			64910.5			64920.5			
77150.5			77160.5			65795.1			65805.1			
77229.1			77239.1			65883			65893			
78328.6			78338.6			66449.1			66459.1			
78732.7			78742.7			66510			66520			
79037.7			79047.7			66613.3			66623.3			
79776.8			79786.8			66931.7			66941.7			
79925.4			79935.4			67246.6			67256.6			
80327.1			80337.1			67553.2			67563.2			
81099.9			81109.9			68318.2			68328.2			
81686.2			81696.2			68332.6			68342.6			
82823.5			82833.5			68733.4			68743.4			
82934.3			82944.3			68846.9			68856.9			
83599.1			83609.1			69482.7			69492.7			
84216.6			84226.6			70302			70312			
84532.6			84542.6			70437.8			70447.8			
85567.1			85577.1			70526			70536			
86227.3			86237.3			70827.5			70837.5			
86758.6			86768.6			71027.5			71037.5			
87038.6			87048.6			71714.2			71724.2			
87419.2			87429.2			72013.5			72023.5			
88524.8			88534.8			72270.6			72280.6			
89231.8			89241.8			72917.9			72927.9			
89439.9			89449.9			73006.7			73016.7			
90276.2			90286.2			73060.2			73070.2			
90454.6			90464.6			74493			74503			
91220			91230			75387.8			75397.8			
92002.7			92012.7			75618			75628			
92630			92640			76492.5			76502.5			
93020.5			93030.5			77096.7			77106.7			
93203.1			93213.1			77597.7			77607.7			
94146.2			94156.2			77714.4			77724.4			
94172.9			94182.9			78783			78793			
94175.4			94185.4			78993.5			79003.5			
94586.4			94596.4			79157.8			79167.8			
94846.5			94856.5			79470.9			79480.9			
94905.2			94915.2			80791.2			80801.2			
95126.8			95136.8			81089			81099			
95349.2			95359.2			81669.6			81679.6			
95358.7			95368.7			81833.1			81843.1			
95473.6			95483.6			81998.7			82008.7			
95627.2			95637.2			82082.4			82092.4			
96096.2			96106.2			82276.4			82286.4			
96352.9			96362.9			83865.8			83875.8			
96491.7			96501.7			85749.5			85759.5			
96947			96957			86456			86466			
97080.2			97090.2			86878.9			86888.9			
99977.5			99987.5			87817.7			87827.7			
100264			100274			87968.2			87978.2			
100808			100818			88072.5			88082.5			
101108			101118			88545.3			88555.3			
102094			102104			88763.1			88773.1			
102476			102486			89012.4			89022.4			
102527			102537			89066.7			89076.7			
102967			102977			89144.1			89154.1			
103151			103161			89183.4			89193.4			
104117			104127			89344.5			89354.5			
105150			105160			89717.3			89727.3			
105413			105423			91575.5			91585.5			
105564			105574			91689.6			91699.6			
105682			105692			92691.2			92701.2			
106228			106238			92701.1			92711.1			
106580			106590			93338			93348			
106861			106871			93367.5			93377.5			
106956			106966			94778.2			94788.2			
107456			107466			95510.6			95520.6			
108111			108121			95778.8			95788.8			
109580			109590			95933.9			95943.9			
110622			110632			96197.5			96207.5			
111570			111580			96580.2			96590.2			
113165			113175			97757.1			97767.1			
113283			113293			98445.7			98455.7			
113538			113548			98477			98487			
114002			114012			98807.4			98817.4			
114022			114032			99093.9			99103.9			
114178			114188			99111.2			99121.2			
115127			115137			99445			99455			
115197			115207			100646			100656			
115521			115531			100727			100737			
117900			117910			101553			101563			
118031			118041			101826			101836			
118117			118127			102177			102187			
119751			119761			102473			102483			
120945			120955			102881			102891			
122536			122546			103706			103716			
122625			122635			104040			104050			
122868			122878			104476			104486			
122925			122935			104999			105009			
123015			123025			105062			105072			
123041			123051			105255			105265			
123485			123495			105885			105895			
123505			123515			106056			106066			
123566			123576			106262			106272			
123889			123899			106575			106585			
124168			124178			109096			109106			
124534			124544			109895			109905			
124741			124751			110082			110092			
125191			125201			110184			110194			
125331			125341			110446			110456			
126052			126062			110574			110584			
126062			126072			110590			110600			
126430			126440			111252			111262			
127594			127604			112469			112479			
128178			128188			112714			112724			
130159			130169			112876			112886			
132281			132291			113369			113379			
132778			132788			113502			113512			
133602			133612			113874			113884			
133605			133615			114454			114464			
133606			133616			114606			114616			
134060			134070			115112			115122			
134183			134193			115134			115144			
135115			135125			115183			115193			
135356			135366			116785			116795			
136346			136356			116853			116863			
136508			136518			117317			117327			
136576			136586			117662			117672			
136898			136908			117977			117987			
137593			137603			118154			118164			
137731			137741			118454			118464			
138096			138106			118995			119005			
139302			139312			119220			119230			
139769			139779			119597			119607			
139850			139860			120916			120926			
139924			139934			121199			121209			
140008			140018			121688			121698			
140333			140343			121781			121791			
141088			141098			122403			122413			
141153			141163			123020			123030			
141204			141214			123421			123431			
141506			141516			126374			126384			
141635			141645			126395			126405			
142186			142196			126487			126497			
142345			142355			126888			126898			
142674			142684			127132			127142			
143140			143150			127659			127669			
143712			143722			127803			127813			
143992			144002			127966			127976			
144953			144963			128085			128095			
145163			145173			128282			128292			
145249			145259			129832			129842			
145354			145364			130316			130326			
145695			145705			130876			130886			
146100			146110			130949			130959			
146359			146369			131146			131156			
147256			147266			131187			131197			
147440			147450			131484			131494			
147634			147644			132031			132041			
148093			148103			132600			132610			
148099			148109			133034			133044			
148953			148963			133233			133243			
149206			149216			133616			133626			
149662			149672			133635			133645			
149807			149817			134356			134366			
149879			149889			135187			135197			
150063			150073			135904			135914			
150419			150429			136001			136011			
150813			150823			136533			136543			
152533			152543			137066			137076			
152923			152933			137217			137227			
153049			153059			139490			139500			
153630			153640			139715			139725			
154217			154227			139960			139970			
154243			154253			139964			139974			
154299			154309			140966			140976			
154576			154586			141387			141397			
154903			154913			141474			141484			
154994			155004			144658			144668			
155078			155088			144941			144951			
155139			155149			145207			145217			
155589			155599			145580			145590			
155651			155661			145612			145622			
155669			155679			146463			146473			
156726			156736			146663			146673			
156994			157004			147100			147110			
157524			157534			147392			147402			
157944			157954			147975			147985			
158210			158220			148167			148177			
158443			158453			148493			148503			
158500			158510			148570			148580			
159439			159449			149221			149231			
159993			160003			149886			149896			
160271			160281			149975			149985			
160331			160341			150028			150038			
160626			160636			150425			150435			
160868			160878			150529			150539			
161137			161147			151007			151017			
161453			161463			151519			151529			
161739			161749			151762			151772			
161986			161996			152539			152549			
162402			162412			152576			152586			
162507			162517			152990			153000			
162864			162874			153046			153056			
162922			162932			153345			153355			
163139			163149			154034			154044			
163814			163824			154682			154692			
164004			164014			154899			154909			
164096			164106			154943			154953			
164115			164125			155281			155291			
164573			164583			155457			155467			
165054			165064			155741			155751			
165087			165097			155915			155925			
165227			165237			156359			156369			
166657			166667			157293			157303			
167351			167361			157322			157332			
167679			167689			158467			158477			
167885			167895			158625			158635			
168009			168019			158920			158930			
168822			168832			159157			159167			
168969			168979			159243			159253			
169121			169131			160197			160207			
169740			169750			160275			160285			
169756			169766			160590			160600			
170337			170347			160677			160687			
171189			171199			161210			161220			
171325			171335			162350			162360			
171936			171946			163303			163313			
172359			172369			163448			163458			
172392			172402			163581			163591			
172960			172970			163736			163746			
173020			173030			163833			163843			
173192			173202			164306			164316			
173314			173324			164829			164839			
173867			173877			165261			165271			
174380			174390			165367			165377			
174679			174689			165529			165539			
174914			174924			165802			165812			
175152			175162			166034			166044			
						166223			166233			
						166460			166470			
						166615			166625			
						167044			167054			
						167271			167281			
						168677			168687			
						168853			168863			
						169457			169467			
						170100			170110			
						171154			171164			
						171517			171527			
						173322			173332			
						173329			173339			
						173638			173648			
						174088			174098			
						174156			174166			
						174188			174198			
						174735			174745			
Total system failure occurs at 4581.06 hours.
