Server A Failure Times	Restoration Time	Server B Failure Times	Restoration Time	
----------------------------------------------------------------------------------------------------
1265.89			1275.89			414.478			424.478			
1818.26			1828.26			1386.61			1396.61			
1835.61			1845.61			1509.38			1519.38			
1922.36			1932.36			1581.18			1591.18			
2188.66			2198.66			2688.71			2698.71			
2607.64			2617.64			2980.25			2990.25			
3193.19			3203.19			3224.17			3234.17			
3352.19			3362.19			3426.79			3436.79			
4474.58			4484.58			3570.21			3580.21			
4541.91			4551.91			4232.19			4242.19			
5850.73			5860.73			4568.15			4578.15			
6068.86			6078.86			4732.23			4742.23			
6729.01			6739.01			5207.45			5217.45			
7719.86			7729.86			5459.34			5469.34			
8176.46			8186.46			5708.62			5718.62			
8374.52			8384.52			5809.28			5819.28			
8865.38			8875.38			9087.8			9097.8			
8936.5			8946.5			9236.11			9246.11			
10197.8			10207.8			9359.88			9369.88			
10553			10563			9772.68			9782.68			
12675.9			12685.9			9949.3			9959.3			
13511.7			13521.7			10394.4			10404.4			
14830.4			14840.4			10762.5			10772.5			
15599			15609			10969.2			10979.2			
15989.9			15999.9			11813.5			11823.5			
16042.5			16052.5			12148.3			12158.3			
16385.9			16395.9			13074.1			13084.1			
16434.5			16444.5			14552.5			14562.5			
16695.2			16705.2			16476.9			16486.9			
17910.6			17920.6			16897.8			16907.8			
18164.1			18174.1			17055			17065			
18775.1			18785.1			18497.4			18507.4			
18790.4			18800.4			19041.3			19051.3			
18872.4			18882.4			19348.9			19358.9			
20062.5			20072.5			19877.1			19887.1			
20241.6			20251.6			20203.5			20213.5			
20621.8			20631.8			20414.6			20424.6			
20773.6			20783.6			21718.8			21728.8			
20937.3			20947.3			24129.2			24139.2			
21315			21325			25856.3			25866.3			
21850.7			21860.7			27969.1			27979.1			
22045			22055			28760.8			28770.8			
22196.6			22206.6			29177.9			29187.9			
22362.7			22372.7			29782			29792			
23099.4			23109.4			31679.1			31689.1			
23915.5			23925.5			31692.3			31702.3			
24193			24203			31722			31732			
24496.6			24506.6			32914			32924			
25225			25235			32933.4			32943.4			
25505.1			25515.1			33732.8			33742.8			
25806.2			25816.2			34091.6			34101.6			
27740.1			27750.1			34602.8			34612.8			
28240.5			28250.5			36201.3			36211.3			
29436.4			29446.4			36816.5			36826.5			
30465.2			30475.2			37251.6			37261.6			
30789.4			30799.4			37294.3			37304.3			
32063.7			32073.7			38402.3			38412.3			
32125.4			32135.4			39085			39095			
32588.9			32598.9			39684			39694			
33121.1			33131.1			39876.9			39886.9			
34541.1			34551.1			41524.6			41534.6			
34692.2			34702.2			43135.1			43145.1			
34784			34794			43157			43167			
34950.5			34960.5			43339.1			43349.1			
35362.1			35372.1			43391			43401			
36460.4			36470.4			43976.2			43986.2			
37129.2			37139.2			45335.4			45345.4			
37240.3			37250.3			45948.1			45958.1			
37646.8			37656.8			47925.8			47935.8			
37698.6			37708.6			48135.3			48145.3			
38232.8			38242.8			48812.3			48822.3			
38352.7			38362.7			48839.7			48849.7			
38741.6			38751.6			49551.4			49561.4			
38867.8			38877.8			50196.9			50206.9			
39330.4			39340.4			50569.2			50579.2			
39591.6			39601.6			50998.6			51008.6			
39615.8			39625.8			52368			52378			
39882.6			39892.6			52815.2			52825.2			
40112.7			40122.7			53319.8			53329.8			
40614.7			40624.7			54156.8			54166.8			
40861.3			40871.3			54250.6			54260.6			
42286.1			42296.1			54465.1			54475.1			
42330.5			42340.5			54719.1			54729.1			
43127.7			43137.7			55296.6			55306.6			
43310.7			43320.7			55765.3			55775.3			
44006.8			44016.8			58217			58227			
44170.3			44180.3			59621.1			59631.1			
44378.9			44388.9			61186.5			61196.5			
45287			45297			61677.8			61687.8			
45309			45319			62078			62088			
45393.8			45403.8			63528			63538			
45555.7			45565.7			63648.5			63658.5			
45594.8			45604.8			64713.7			64723.7			
45882.4			45892.4			64856.7			64866.7			
45927.7			45937.7			65479.5			65489.5			
46353.1			46363.1			65572.5			65582.5			
47672.3			47682.3			66251			66261			
48498.5			48508.5			67753.5			67763.5			
48662.1			48672.1			68128.1			68138.1			
49111.4			49121.4			68164.8			68174.8			
49658.6			49668.6			68410.4			68420.4			
49743.1			49753.1			69219.6			69229.6			
49962.7			49972.7			69626.7			69636.7			
50829.5			50839.5			70229.7			70239.7			
51097.3			51107.3			70375.1			70385.1			
51218.5			51228.5			70559.7			70569.7			
51636			51646			71045.4			71055.4			
52064.9			52074.9			71136.7			71146.7			
52581.6			52591.6			72059.4			72069.4			
53303.5			53313.5			72103.1			72113.1			
53442.3			53452.3			72264.5			72274.5			
55586			55596			72301.2			72311.2			
56578.7			56588.7			73313			73323			
57102.2			57112.2			73586			73596			
57420.5			57430.5			73775.2			73785.2			
57880.4			57890.4			75155.7			75165.7			
58007.9			58017.9			75686.2			75696.2			
58773.4			58783.4			75916.1			75926.1			
58944.4			58954.4			75937.6			75947.6			
59199			59209			76504.1			76514.1			
60183.5			60193.5			77337.6			77347.6			
60319.5			60329.5			77397.7			77407.7			
60934.4			60944.4			77483.9			77493.9			
60967.4			60977.4			78283.7			78293.7			
61220.1			61230.1			78862.3			78872.3			
61546.5			61556.5			78922.3			78932.3			
61747.4			61757.4			79268.7			79278.7			
61946.4			61956.4			79273.1			79283.1			
62376.2			62386.2			79913.1			79923.1			
63420.7			63430.7			79976			79986			
63557.8			63567.8			80024.2			80034.2			
64083.4			64093.4			80489.8			80499.8			
64305.2			64315.2			81280.6			81290.6			
64693.4			64703.4			81889.4			81899.4			
64839			64849			82061.5			82071.5			
64962.5			64972.5			82923.3			82933.3			
65203.6			65213.6			83090			83100			
66570.9			66580.9			84186.8			84196.8			
67027.8			67037.8			84539.5			84549.5			
67101.4			67111.4			84797.7			84807.7			
68106.2			68116.2			84991.6			85001.6			
69186			69196			85024.3			85034.3			
69400.6			69410.6			85269.6			85279.6			
69591.9			69601.9			85699.8			85709.8			
70857.3			70867.3			85737.3			85747.3			
71410.6			71420.6			85905.1			85915.1			
71455.6			71465.6			86306.3			86316.3			
71680.4			71690.4			88065.2			88075.2			
71985.4			71995.4			88631.7			88641.7			
72413			72423			89163.7			89173.7			
74320.1			74330.1			89316.4			89326.4			
74913.8			74923.8			89599.7			89609.7			
75426.1			75436.1			89871			89881			
75581.7			75591.7			90139.4			90149.4			
75842.1			75852.1			90255.2			90265.2			
76253			76263			90328.5			90338.5			
77011.4			77021.4			91465.6			91475.6			
77599.1			77609.1			92426.6			92436.6			
79162.9			79172.9			92664.9			92674.9			
79316.2			79326.2			92769.9			92779.9			
80225.2			80235.2			93267.6			93277.6			
81826.6			81836.6			94067.1			94077.1			
81938.8			81948.8			94385.2			94395.2			
82301.6			82311.6			94602.4			94612.4			
82390.8			82400.8			94615.7			94625.7			
83159.8			83169.8			95004.7			95014.7			
85351.6			85361.6			95157.1			95167.1			
86110.5			86120.5			96175.6			96185.6			
86184.7			86194.7			96186.7			96196.7			
86712.8			86722.8			98015.7			98025.7			
87196.5			87206.5			99058.4			99068.4			
87788.1			87798.1			99351.2			99361.2			
87855			87865			99370.3			99380.3			
87906.2			87916.2			99831			99841			
87963			87973			99969.4			99979.4			
89048.1			89058.1			100398			100408			
89481.2			89491.2			101950			101960			
90500.7			90510.7			102533			102543			
90563.1			90573.1			104216			104226			
91181.8			91191.8			104900			104910			
91945.1			91955.1			105262			105272			
91946.9			91956.9			105831			105841			
94049			94059			105844			105854			
94178			94188			106163			106173			
94329.9			94339.9			106782			106792			
94629.8			94639.8			106938			106948			
95604.6			95614.6			107335			107345			
95784.7			95794.7			107369			107379			
96053.8			96063.8			107530			107540			
97338.8			97348.8			108092			108102			
97352.1			97362.1			108445			108455			
97466.4			97476.4			108877			108887			
97693.2			97703.2			109472			109482			
99122.2			99132.2			109789			109799			
99676.5			99686.5			110035			110045			
99785.7			99795.7			110354			110364			
99786.6			99796.6			110486			110496			
100018			100028			110839			110849			
100491			100501			111018			111028			
100535			100545			112225			112235			
101229			101239			112311			112321			
101757			101767			112430			112440			
101953			101963			112935			112945			
102563			102573			113043			113053			
102961			102971			113106			113116			
103404			103414			113360			113370			
103543			103553			114392			114402			
107115			107125			115040			115050			
107479			107489			115096			115106			
107479			107489			115188			115198			
107893			107903			115293			115303			
108151			108161			115442			115452			
108174			108184			115639			115649			
108335			108345			115804			115814			
108789			108799			116989			116999			
109862			109872			117488			117498			
110820			110830			118670			118680			
111047			111057			119053			119063			
111319			111329			119991			120001			
112544			112554			120259			120269			
112663			112673			120416			120426			
112988			112998			121341			121351			
113511			113521			121417			121427			
114421			114431			122786			122796			
114443			114453			124022			124032			
115173			115183			124070			124080			
115568			115578			124555			124565			
115934			115944			124740			124750			
116662			116672			125525			125535			
116802			116812			125917			125927			
117173			117183			126405			126415			
117202			117212			126445			126455			
118669			118679			126853			126863			
119009			119019			127792			127802			
119104			119114			128156			128166			
119275			119285			128186			128196			
119415			119425			128388			128398			
120049			120059			128901			128911			
120584			120594			129066			129076			
120680			120690			129075			129085			
120711			120721			129137			129147			
121381			121391			131382			131392			
121595			121605			131536			131546			
122318			122328			131822			131832			
123365			123375			132711			132721			
123700			123710			132807			132817			
123966			123976			133182			133192			
124719			124729			133417			133427			
126187			126197			133618			133628			
126868			126878			133768			133778			
127189			127199			133776			133786			
127228			127238			134065			134075			
128211			128221			134837			134847			
128358			128368			134882			134892			
128510			128520			135329			135339			
129176			129186			136079			136089			
129458			129468			136131			136141			
129790			129800			137064			137074			
130462			130472			138630			138640			
131031			131041			138936			138946			
131678			131688			139262			139272			
132339			132349			139576			139586			
132465			132475			139744			139754			
132736			132746			139813			139823			
133146			133156			140463			140473			
133318			133328			141274			141284			
134105			134115			141968			141978			
135903			135913			142030			142040			
136469			136479			142581			142591			
136710			136720			143236			143246			
137630			137640			143464			143474			
138035			138045			146219			146229			
140546			140556			146316			146326			
140905			140915			146486			146496			
141656			141666			146541			146551			
142203			142213			147160			147170			
142641			142651			147806			147816			
142719			142729			147820			147830			
143442			143452			148147			148157			
143794			143804			148612			148622			
144104			144114			148751			148761			
144181			144191			149728			149738			
145160			145170			150617			150627			
145869			145879			150852			150862			
145975			145985			151305			151315			
146462			146472			152105			152115			
147065			147075			152983			152993			
147845			147855			153486			153496			
147977			147987			153486			153496			
148842			148852			153954			153964			
148863			148873			154011			154021			
150032			150042			154443			154453			
151018			151028			155416			155426			
151629			151639			155557			155567			
152362			152372			157523			157533			
153572			153582			159043			159053			
153628			153638			160088			160098			
153956			153966			160089			160099			
154362			154372			160493			160503			
154636			154646			160697			160707			
154685			154695			160879			160889			
155390			155400			161018			161028			
155463			155473			161583			161593			
155655			155665			161854			161864			
155813			155823			161908			161918			
155882			155892			163406			163416			
156037			156047			163713			163723			
156746			156756			163894			163904			
157016			157026			164052			164062			
157326			157336			164099			164109			
158280			158290			164299			164309			
158432			158442			164988			164998			
158732			158742			165932			165942			
159941			159951			165992			166002			
160624			160634			166041			166051			
160926			160936			167325			167335			
161555			161565			167799			167809			
161683			161693			168217			168227			
162453			162463			168363			168373			
165205			165215			168826			168836			
166571			166581			169006			169016			
167091			167101			169406			169416			
167181			167191			169658			169668			
167704			167714			169678			169688			
168703			168713			169931			169941			
168835			168845			169990			170000			
170166			170176			171054			171064			
170174			170184			171285			171295			
170242			170252			171880			171890			
170435			170445			172779			172789			
170556			170566			172865			172875			
170765			170775			172866			172876			
172100			172110			173687			173697			
172221			172231			174227			174237			
172782			172792			175186			175196			
172978			172988			
173876			173886			
174110			174120			
174988			174998			
Total system failure occurs at 39882.6 hours.
